number of snapshots: 150
fluid nodes: 22243
kinematic viscosity (lattice units): 0.012
relaxation time tau: 0.536
collision frequency omega: 1.86567164179
POD orthogonality spectral-norm error: 1.725970e-14
SVD energy identity relative error: 1.029178e-15
modes for >=90% fluctuation energy: 4
modes for >=99% fluctuation energy: 14

mode, eigenvalue, energy_fraction, cumulative_energy
1, 3.118457340952e+00, 4.234591408583e-01, 4.234591408583e-01
2, 2.766135871834e+00, 3.756169771515e-01, 7.990761180098e-01
3, 6.030028093211e-01, 8.188248985067e-02, 8.809586078605e-01
4, 1.721299104210e-01, 2.337373130801e-02, 9.043323391685e-01
5, 1.200952137651e-01, 1.630787613296e-02, 9.206402153014e-01
6, 1.027383842005e-01, 1.395097099306e-02, 9.345911862945e-01
7, 9.574132922798e-02, 1.300083233049e-02, 9.475920186250e-01
8, 7.331971312880e-02, 9.956173625266e-03, 9.575481922502e-01
9, 6.939068989861e-02, 9.422646749775e-03, 9.669708390000e-01
10, 5.485132513232e-02, 7.448328604804e-03, 9.744191676048e-01
11, 4.686888139043e-02, 6.364382794643e-03, 9.807835503995e-01
12, 3.487414133430e-02, 4.735602354941e-03, 9.855191527544e-01
13, 1.906046299674e-02, 2.588243609739e-03, 9.881073963642e-01
14, 1.751662794818e-02, 2.378604358078e-03, 9.904860007222e-01
15, 1.218495991061e-02, 1.654610626665e-03, 9.921406113489e-01
16, 1.053576812080e-02, 1.430664854102e-03, 9.935712762030e-01
17, 8.840224837112e-03, 1.200424955428e-03, 9.947717011584e-01
18, 8.728008566060e-03, 1.185186970574e-03, 9.959568881290e-01
19, 4.998174602770e-03, 6.787082495420e-04, 9.966355963785e-01
20, 4.533119495479e-03, 6.155578470660e-04, 9.972511542256e-01
21, 4.401435047315e-03, 5.976762546031e-04, 9.978488304802e-01
22, 3.382611267640e-03, 4.593289260180e-04, 9.983081594062e-01
23, 2.430627557695e-03, 3.300578923469e-04, 9.986382172986e-01
24, 2.021224005877e-03, 2.744644827335e-04, 9.989126817813e-01
25, 1.693343081862e-03, 2.299411305735e-04, 9.991426229119e-01
26, 1.107385142073e-03, 1.503731844279e-04, 9.992929960963e-01
27, 8.867156052196e-04, 1.204081978102e-04, 9.994134042941e-01
28, 7.476490337561e-04, 1.015241777851e-04, 9.995149284719e-01
29, 5.743407776973e-04, 7.799043748002e-05, 9.995929189094e-01
30, 5.238128502426e-04, 7.112918833983e-05, 9.996640480977e-01
31, 4.347695821163e-04, 5.903789392806e-05, 9.997230859917e-01
32, 3.379106596039e-04, 4.588530223698e-05, 9.997689712939e-01
33, 2.692960063147e-04, 3.656803444866e-05, 9.998055393283e-01
34, 2.531817384379e-04, 3.437985828186e-05, 9.998399191866e-01
35, 1.980542827480e-04, 2.689403357052e-05, 9.998668132202e-01
36, 1.349907643012e-04, 1.833056117976e-05, 9.998851437814e-01
37, 1.289234806687e-04, 1.750667730595e-05, 9.999026504587e-01
38, 1.134013172230e-04, 1.539890372487e-05, 9.999180493624e-01
39, 9.014105272893e-05, 1.224036392719e-05, 9.999302897263e-01
40, 8.524079989972e-05, 1.157495259518e-05, 9.999418646789e-01
41, 7.627193338534e-05, 1.035705922888e-05, 9.999522217382e-01
42, 6.189884805321e-05, 8.405320371877e-06, 9.999606270585e-01
43, 5.343165746388e-05, 7.255550193733e-06, 9.999678826087e-01
44, 4.601989961935e-05, 6.249098520376e-06, 9.999741317072e-01
45, 3.130618630297e-05, 4.251105372299e-06, 9.999783828126e-01
46, 2.326605968496e-05, 3.159326733758e-06, 9.999815421393e-01
47, 2.079600848608e-05, 2.823915456900e-06, 9.999843660548e-01
48, 1.803944920987e-05, 2.449598897395e-06, 9.999868156537e-01
49, 1.606458285700e-05, 2.181429377128e-06, 9.999889970831e-01
50, 1.445399539269e-05, 1.962725733195e-06, 9.999909598088e-01
51, 1.058456887212e-05, 1.437291567879e-06, 9.999923971004e-01
52, 9.229670571689e-06, 1.253308268600e-06, 9.999936504086e-01
53, 7.878578573945e-06, 1.069841831824e-06, 9.999947202505e-01
54, 6.822562708212e-06, 9.264441443312e-07, 9.999956466946e-01
55, 5.680706070545e-06, 7.713900333065e-07, 9.999964180847e-01
56, 4.636323515424e-06, 6.295720473071e-07, 9.999970476567e-01
57, 3.170081448758e-06, 4.304692416707e-07, 9.999974781259e-01
58, 2.609636172965e-06, 3.543656914093e-07, 9.999978324916e-01
59, 2.121937163079e-06, 2.881404456726e-07, 9.999981206321e-01
60, 1.890778118166e-06, 2.567510759112e-07, 9.999983773832e-01
61, 1.807752153514e-06, 2.454768785063e-07, 9.999986228600e-01
62, 1.682477015120e-06, 2.284656140651e-07, 9.999988513257e-01
63, 1.422230798065e-06, 1.931264615814e-07, 9.999990444521e-01
64, 1.054978843855e-06, 1.432568690218e-07, 9.999991877090e-01
65, 9.306685886380e-07, 1.263766272487e-07, 9.999993140856e-01
66, 8.870053923488e-07, 1.204475483593e-07, 9.999994345332e-01
67, 7.691961865492e-07, 1.044500920472e-07, 9.999995389832e-01
68, 6.679033207254e-07, 9.069540976451e-08, 9.999996296787e-01
69, 4.987356083609e-07, 6.772391895780e-08, 9.999996974026e-01
70, 3.816331686757e-07, 5.182243528177e-08, 9.999997492250e-01
71, 3.025431941680e-07, 4.108271079822e-08, 9.999997903077e-01
72, 2.348422800506e-07, 3.188952077090e-08, 9.999998221972e-01
73, 1.871336438561e-07, 2.541110664313e-08, 9.999998476084e-01
74, 1.694873771110e-07, 2.301489847408e-08, 9.999998706233e-01
75, 1.561490700140e-07, 2.120367342071e-08, 9.999998918269e-01
76, 1.376626104029e-07, 1.869337443357e-08, 9.999999105203e-01
77, 1.197505233832e-07, 1.626107020393e-08, 9.999999267814e-01
78, 9.931617158977e-08, 1.348626455217e-08, 9.999999402676e-01
79, 7.682092006291e-08, 1.043160680205e-08, 9.999999506992e-01
80, 6.465644067117e-08, 8.779777250124e-09, 9.999999594790e-01
81, 5.625407568855e-08, 7.638809820493e-09, 9.999999671178e-01
82, 4.388467342884e-08, 5.959153541396e-09, 9.999999730770e-01
83, 3.466777374563e-08, 4.707579447380e-09, 9.999999777846e-01
84, 2.494718483355e-08, 3.387608776211e-09, 9.999999811722e-01
85, 2.203934615059e-08, 2.992749800823e-09, 9.999999841649e-01
86, 1.802856142139e-08, 2.448120431265e-09, 9.999999866130e-01
87, 1.514516343815e-08, 2.056580288420e-09, 9.999999886696e-01
88, 1.192850928471e-08, 1.619786882151e-09, 9.999999902894e-01
89, 9.991243113376e-09, 1.356723136577e-09, 9.999999916461e-01
90, 9.590051939456e-09, 1.302244895814e-09, 9.999999929484e-01
91, 7.438570911231e-09, 1.010092652517e-09, 9.999999939585e-01
92, 6.811996185353e-09, 9.250093032535e-10, 9.999999948835e-01
93, 6.026249709659e-09, 8.183118271777e-10, 9.999999957018e-01
94, 4.803662106067e-09, 6.522951594355e-10, 9.999999963541e-01
95, 4.216028615282e-09, 5.724996881684e-10, 9.999999969266e-01
96, 3.427375150819e-09, 4.654074685280e-10, 9.999999973920e-01
97, 2.928477401940e-09, 3.976615323107e-10, 9.999999977897e-01
98, 2.425517010623e-09, 3.293639249021e-10, 9.999999981190e-01
99, 2.100719392372e-09, 2.852592586073e-10, 9.999999984043e-01
100, 1.766776317805e-09, 2.399127196007e-10, 9.999999986442e-01
101, 1.576986209404e-09, 2.141408883842e-10, 9.999999988583e-01
102, 1.198010004017e-09, 1.626792454008e-10, 9.999999990210e-01
103, 1.023276123980e-09, 1.389519178701e-10, 9.999999991600e-01
104, 7.484217904698e-10, 1.016291113654e-10, 9.999999992616e-01
105, 6.915077347943e-10, 9.390068205439e-11, 9.999999993555e-01
106, 6.014404965675e-10, 8.167034148882e-11, 9.999999994372e-01
107, 5.452640988004e-10, 7.404207964841e-11, 9.999999995112e-01
108, 4.565960230755e-10, 6.200173307224e-11, 9.999999995732e-01
109, 3.936648961727e-10, 5.345623829137e-11, 9.999999996267e-01
110, 3.589839506798e-10, 4.874687023629e-11, 9.999999996754e-01
111, 3.307117792148e-10, 4.490775745397e-11, 9.999999997203e-01
112, 3.090152218105e-10, 4.196155535675e-11, 9.999999997623e-01
113, 2.301051038344e-10, 3.124625381185e-11, 9.999999997935e-01
114, 2.085702901306e-10, 2.832201508978e-11, 9.999999998218e-01
115, 1.898465065499e-10, 2.577948959021e-11, 9.999999998476e-01
116, 1.517967155228e-10, 2.061266187492e-11, 9.999999998682e-01
117, 1.371226630140e-10, 1.862005431647e-11, 9.999999998869e-01
118, 1.330080894267e-10, 1.806133133078e-11, 9.999999999049e-01
119, 1.076964328006e-10, 1.462423048357e-11, 9.999999999195e-01
120, 9.086241470465e-11, 1.233831855317e-11, 9.999999999319e-01
121, 7.492990447854e-11, 1.017482348031e-11, 9.999999999421e-01
122, 5.494885593332e-11, 7.461572431698e-12, 9.999999999495e-01
123, 5.180510061393e-11, 7.034678047370e-12, 9.999999999566e-01
124, 4.439680830442e-11, 6.028696963256e-12, 9.999999999626e-01
125, 4.001709097212e-11, 5.433969783768e-12, 9.999999999680e-01
126, 3.520917304922e-11, 4.781096721754e-12, 9.999999999728e-01
127, 2.683495945401e-11, 3.643952003491e-12, 9.999999999764e-01
128, 2.363262484109e-11, 3.209103065165e-12, 9.999999999796e-01
129, 2.186309174988e-11, 2.968815999928e-12, 9.999999999826e-01
130, 1.998166335474e-11, 2.713334534356e-12, 9.999999999853e-01
131, 1.505290203040e-11, 2.044051998887e-12, 9.999999999874e-01
132, 1.341246956813e-11, 1.821295666137e-12, 9.999999999892e-01
133, 1.078949616231e-11, 1.465118895547e-12, 9.999999999907e-01
134, 9.596531036172e-12, 1.303124700291e-12, 9.999999999920e-01
135, 9.212892048645e-12, 1.251029892411e-12, 9.999999999932e-01
136, 7.747212597643e-12, 1.052003485045e-12, 9.999999999943e-01
137, 6.572536915474e-12, 8.924928357804e-13, 9.999999999952e-01
138, 5.973708135296e-12, 8.111771424580e-13, 9.999999999960e-01
139, 4.585568222075e-12, 6.226799238737e-13, 9.999999999966e-01
140, 4.391772655399e-12, 5.963641865733e-13, 9.999999999972e-01
141, 3.902457681929e-12, 5.299195071629e-13, 9.999999999977e-01
142, 3.521214171867e-12, 4.781499841014e-13, 9.999999999982e-01
143, 2.943361894523e-12, 3.996827157845e-13, 9.999999999986e-01
144, 2.660553667213e-12, 3.612798403013e-13, 9.999999999990e-01
145, 2.457913909091e-12, 3.337631394149e-13, 9.999999999993e-01
146, 1.926958884547e-12, 2.616641064811e-13, 9.999999999996e-01
147, 1.367517972400e-12, 1.856969399889e-13, 9.999999999997e-01
148, 1.014050368431e-12, 1.376991412272e-13, 9.999999999999e-01
149, 9.064670340362e-13, 1.230902685147e-13, 1.000000000000e+00
150, 1.969031217160e-30, 2.673771600439e-31, 1.000000000000e+00
